37,4
37,3
37,2
37,1
37,0
36,5
36,4
36,3
36,2
36,1
36,0
35,4
35,3
35,2
35,1
35,0
34,2
34,1
34,0
33,4
33,3
33,2
33,1
33,0
32,2
32,1
32,0
31,5
31,4
31,3
31,2
31,1
31,0
30,3
30,2
30,1
30,0
29,5
29,4
29,3
29,2
29,1
29,0
28,3
28,2
28,1
28,0
27,5
27,4
27,3
27,2
27,1
27,0
26,4
26,3
26,2
26,1
26,0
25,4
25,3
25,2
25,1
25,0
24,8
24,7
24,6
24,5
24,4
24,3
24,2
24,1
24,0
23,6
23,5
23,4
23,3
23,2
23,1
23,0
21,10
21,9
21,8
21,7
21,6
21,5
21,4
21,3
21,2
21,1
21,0
20,15
20,13
20,12
20,11
20,10
20,9
20,8
20,7
20,6
20,5
20,4
20,3
20,2
20,1
20,0
19,6
19,5
19,4
19,3
19,2
19,1
19,0
18,3
18,2
18,1
18,0
17,3
17,2
17,1
17,0
16,3
16,2
16,1
16,0
15,8
15,6
15,5
15,4
15,3
15,2
15,1
15,0
14,3
14,2
14,1
14,0
13,8
13,7
13,6
13,5
13,4
13,3
13,2
13,1
13,0
12,6
12,5
12,4
12,3
12,2
12,1
12,0
11,6
11,5
11,4
11,3
11,2
11,1
11,0
10,6
10,5
10,4
10,3
10,2
10,1
10,0
9,6
9,5
9,4
9,3
9,2
9,1
9,0
8,5
8,4
8,3
8,2
8,1
8,0
7,3
7,2
7,1
7,0
5,4
5,3
5,2
5,1
5,0
4,3
4,2
4,1
4,0
3,6
3,5
3,4
3,3
3,2
3,1
3,0
2,14
2,13
2,12
2,11
2,10
2,9
2,8
2,7
2,6
2,5
2,4
2,3
2,2
2,1
2,0
1,3
1,2
1,1
1,0
0,313
0,312
0,311
0,310
0,9
37,5
38,0
38,2
38,3
38,5
39,0
39,2
39,4
39,5
39,7
39,8
39,10
39,12
39,13
39,15
39,16
39,18
39,19
39,21
39,23
39,24
39,26
39,27
39,29
39,31
39,32
39,34
39,35
39,37
39,38
39,40
39,42
39,43
39,45
39,46
39,48
39,50
39,51
39,53
39,54
39,56
39,57
39,59
39,61
39,62
39,64
39,65
39,67
39,69
39,70
39,72
39,73
39,75
39,77
39,78
39,80
39,81
39,83
39,84
39,86
39,88
39,89
39,91
39,92
39,129
39,131
39,132
39,134
39,135
39,137
39,138
39,140
39,142
39,143
39,145
39,146
39,148
39,150
39,151
39,153
39,154
39,156
39,157
39,159
39,161
39,162
39,164
39,165
39,167
39,169
39,170
39,172
39,173
40,0
40,2
40,3
40,5
40,6
41,1
41,2
41,4
42,1
42,2
42,4
42,5
43,1
43,3
43,4
43,6
43,8
43,10
43,11
43,13
43,15
43,16
43,18
43,19
43,21
43,23
43,24
43,26
43,27
43,29
43,30
43,32
43,34
43,35
43,37
43,64
43,66
43,68
43,69
43,71
43,72
43,74
43,75
43,77
43,79
43,80
43,82
43,83
43,85
43,87
43,88
43,90
43,91
43,93
43,95
43,96
43,98
43,99
43,101
43,102
43,104
43,106
43,107
43,109
43,110
43,112
43,114
43,115
43,117
43,118
43,120
43,121
43,123
43,125
43,126
43,128
43,129
43,131
43,133
43,134
43,136
43,137
43,139
43,140
43,142
43,144
43,145
43,147
43,148
43,150
43,152
43,153
43,155
43,156
43,158
43,160
43,161
43,163
43,164
43,166
43,167
43,169
43,171
43,172
43,174
43,175
43,177
43,179
43,180
43,182
43,183
43,185
43,186
43,188
43,190
43,191
43,193
43,194
43,196
43,198
43,199
43,201
43,202
43,204
44,0
44,2
44,4
45,0
45,2
45,3
46,0
46,2
46,3
47,1
47,2
48,0
48,1
48,3
48,5
48,6
48,8
48,9
48,11
48,13
48,14
48,16
48,17
49,1
49,3
49,4
50,1
50,2
50,4
50,5
51,0
51,2
51,3
52,1
52,2
52,4
53,1
53,2
53,4
53,5
54,0
54,1
54,3
55,0
55,1
55,3
55,4
55,6
55,8
55,9
55,11
55,12
55,14
55,15
55,17
55,19
55,20
55,22
55,23
55,25
55,27
55,28
55,30
55,31
55,33
55,36
55,37
56,1
56,2
57,0
57,1
57,3
58,0
58,1
58,3
58,4
58,6
59,0
59,1
59,3
59,4
59,6
60,0
60,2
61,0
61,1
61,3
62,0
62,2
62,4
62,5
63,1
63,2
64,0
64,1
64,3
65,1
65,2
65,4
65,5
66,1
66,3
66,4
67,1
67,2
68,0
68,2
68,3
69,1
69,2
70,0
70,1
70,3
71,1
71,2
72,0
72,1
72,3
73,1
73,2
74,0
74,1
74,3
75,0
75,2
76,0
76,1
76,3
76,4
77,1
77,3
78,0
78,2
78,3
78,5
79,0
79,2
79,4
80,0
80,2
80,3
81,1
81,4
81,5
82,1
82,2
83,0
83,1
83,3
84,1
84,2
85,0
85,1
85,3
85,5
86,0
86,2
86,3
87,1
87,3
88,0
88,2
88,3
89,0
89,1
89,3
90,1
90,2
91,0
91,1
91,3
92,1
92,2
92,3
92,0
91,2
90,3
90,0
89,2
88,4
88,1
87,2
87,0
86,1
85,4
85,2
84,3
84,0
83,2
82,3
82,0
81,2
81,0
80,1
79,3
79,1
78,4
78,1
77,2
77,0
76,2
75,3
75,1
74,2
73,3
73,0
72,2
71,3
71,0
70,2
69,3
69,0
68,1
67,3
67,0
66,2
66,0
65,3
65,0
64,2
63,3
63,0
62,3
62,1
61,2
60,4
60,1
59,5
59,2
58,7
58,5
58,2
57,4
57,2
56,3
56,0
55,35
55,32
55,29
55,26
55,24
55,21
55,18
55,16
55,13
55,10
55,7
55,5
55,2
54,4
54,2
53,6
53,3
53,0
52,3
52,0
51,1
50,6
50,3
50,0
49,2
49,0
48,15
48,12
48,10
48,7
48,4
48,2
47,3
47,0
46,1
45,4
45,1
44,3
44,1
43,203
43,200
43,197
43,195
43,192
43,189
43,187
43,184
43,181
43,178
43,176
43,173
43,170
43,168
43,165
43,162
43,159
43,157
43,154
43,151
43,149
43,146
43,143
43,141
43,138
43,135
43,132
43,130
43,127
43,124
43,122
43,119
43,116
43,113
43,111
43,108
43,105
43,103
43,100
43,97
43,94
43,92
43,89
43,86
43,84
43,81
43,78
43,76
43,73
43,70
43,67
43,65
43,36
43,33
43,31
43,28
43,25
43,22
43,20
43,17
43,14
43,12
43,9
43,5
43,2
43,0
42,3
42,0
41,3
41,0
40,4
40,1
39,174
39,171
39,168
39,166
39,163
39,160
39,158
39,155
39,152
39,149
39,147
39,144
39,141
39,139
39,136
39,133
39,130
39,128
39,90
39,87
39,85
39,82
39,79
39,76
39,74
39,71
39,68
39,66
39,63
39,60
39,58
39,55
39,52
39,49
39,47
39,44
39,41
39,39
39,36
39,33
39,30
39,28
39,25
39,22
39,20
39,17
39,14
39,11
39,9
39,6
39,3
39,1
38,4
38,1
0,308
81,3
60,3
34,4
34,3
32,4
32,3
0,243
0,1
0,300
0,299
0,298
0,297
0,296
0,295
0,294
0,293
0,292
0,291
0,290
0,289
0,288
0,287
0,286
0,285
0,284
0,283
0,282
0,281
0,280
0,279
0,278
0,277
0,276
0,275
0,274
0,273
0,272
0,271
0,270
0,269
0,268
0,267
0,266
0,265
0,264
0,263
0,262
0,261
0,260
0,259
0,258
0,257
0,256
0,255
0,254
0,253
0,252
0,251
0,250
0,249
0,248
0,247
0,246
0,245
0,244
0,242
0,241
0,240
0,239
0,238
0,237
0,236
0,235
0,234
0,233
0,232
0,231
0,230
0,229
0,228
0,227
0,226
0,225
0,224
0,223
0,222
0,221
0,220
0,219
0,218
0,217
0,216
0,215
0,214
0,213
0,212
0,211
0,210
0,209
0,208
0,207
0,206
0,205
0,204
0,203
0,202
0,201
0,200
0,199
0,198
0,197
0,196
0,195
0,194
0,193
0,192
0,63
0,62
0,61
0,60
0,59
0,58
0,57
0,56
0,55
0,54
0,53
0,52
0,51
0,50
0,49
0,48
0,47
0,46
0,45
0,6
0,0
0,5
0,304
0,303
0,306
0,305
0,302
0,12
0,309
0,10
0,8
0,307
0,11
0,4
0,2
0,3
0,7
